2013835867	0.9066666666666666
3680148261	0.8
2807577540	0.7365853658536585
3872563974	0.7297297297297297
2732096711	0.5507246376811594
1246025491	0.41964285714285715
1614274951	0.38222222222222224
3481079677	0.23555555555555555
1235313783	0.20909090909090908
2526688941	0.18222222222222223
2806620574	0.17410714285714285
247180716	0.17333333333333334
2745587334	0.13333333333333333
3972288151	0.12686567164179105
1915268521	0.11764705882352941
3905382393	0.09722222222222222
1644325804	0.08
3891743368	0.06060606060606061
1421087044	0.04888888888888889
1565281767	0.04888888888888889
1930906145	0.045454545454545456
5017961087	0.0449438202247191
5019802259	0.044444444444444446
1913712512	0.044444444444444446
2362073762	0.03571428571428571
1504170392	0.035555555555555556
2419742953	0.03333333333333333
2727012823	0.03333333333333333
1408700395	0.03333333333333333
1169644851	0.03333333333333333
2005884727	0.03153153153153153
1023467062	0.03125
1901301963	0.02666666666666667
2683564420	0.02666666666666667
3982003221	0.02564102564102564
3976591939	0.025
3984769089	0.023809523809523808
5026074690	0.023255813953488372
1829714913	0.022727272727272728
1142297625	0.022727272727272728
2243176754	0.022556390977443608
3238571767	0.02247191011235955
3849930661	0.02247191011235955
3782606035	0.022222222222222223
3216506132	0.022222222222222223
3625713281	0.022222222222222223
1849381701	0.022222222222222223
3831004057	0.022222222222222223
1195916091	0.022222222222222223
5018282398	0.022222222222222223
2483454094	0.022222222222222223
3992474030	0.022222222222222223
3978063018	0.022222222222222223
1008788422	0.022222222222222223
3966390701	0.022222222222222223
3787892873	0.022222222222222223
1223357510	0.022222222222222223
3911736124	0.022222222222222223
3961170275	0.022222222222222223
3305643433	0.022222222222222223
3911765056	0.022222222222222223
5014824105	0.022222222222222223
3764502570	0.022222222222222223
2708120721	0.022222222222222223
3882232985	0.022222222222222223
3218928644	0.022222222222222223
3964822820	0.022222222222222223
1403798053	0.022222222222222223
3460641130	0.022222222222222223
2364497784	0.022222222222222223
3835391656	0.022222222222222223
1656905485	0.01834862385321101
2509028553	0.01818181818181818
3196004091	0.017937219730941704
1299736484	0.017857142857142856
1282802395	0.017857142857142856
2476713901	0.017857142857142856
2803803620	0.017777777777777778
1223139011	0.017777777777777778
3683856364	0.017777777777777778
3963883498	0.014814814814814815
1353138983	0.014814814814814815
1796374941	0.013888888888888888
1870635180	0.0136986301369863
3910827252	0.0136986301369863
1759276823	0.013513513513513514
1583990677	0.013452914798206279
1811865820	0.013392857142857142
1088977892	0.013392857142857142
2423984260	0.013392857142857142
3976171785	0.013333333333333334
2292575705	0.013333333333333334
1797162462	0.013333333333333334
2298749771	0.013333333333333334
2136052553	0.013333333333333334
1620742114	0.013333333333333334
3106039137	0.013333333333333334
2769086422	0.013333333333333334
2121607552	0.013333333333333334
1357998337	0.013333333333333334
3174643131	0.013333333333333334
3976639219	0.013157894736842105
3976519397	0.012987012987012988
3983516704	0.01282051282051282
3981977391	0.01282051282051282
3976525002	0.01282051282051282
3976506403	0.012658227848101266
3976171836	0.0125
3976304399	0.0125
3978080357	0.0125
3976512620	0.0125
3978324803	0.012345679012345678
3485962734	0.012195121951219513
3982015805	0.012048192771084338
3976300522	0.012048192771084338
3976172977	0.011904761904761904
3982038483	0.011904761904761904
3976581788	0.011904761904761904
3976593124	0.011904761904761904
3976585811	0.011764705882352941
3548922107	0.011764705882352941
3205976864	0.011764705882352941
3316869570	0.011627906976744186
3983497268	0.011627906976744186
2594749201	0.011494252873563218
3668996015	0.011363636363636364
3927940823	0.011363636363636364
1786763421	0.011235955056179775
2719604301	0.011235955056179775
3976247111	0.011235955056179775
1764633720	0.011235955056179775
3993399403	0.011111111111111112
3814792072	0.011111111111111112
2662893877	0.011111111111111112
3931731215	0.011111111111111112
1052407982	0.011111111111111112
3974206711	0.011111111111111112
3986262768	0.011111111111111112
3985932908	0.011111111111111112
3984807022	0.011111111111111112
3992157981	0.011111111111111112
2808365120	0.011111111111111112
2642021191	0.011111111111111112
3911168969	0.011111111111111112
1616017055	0.011111111111111112
3960912645	0.011111111111111112
1070583490	0.011111111111111112
1598299812	0.011111111111111112
2151950100	0.011111111111111112
2708869467	0.011111111111111112
5013182553	0.011111111111111112
1698323735	0.011111111111111112
3989019859	0.011111111111111112
3255378203	0.011111111111111112
2806355810	0.011111111111111112
3988971606	0.011111111111111112
3145076293	0.009900990099009901
2538327281	0.009615384615384616
1078268405	0.009523809523809525
1660313707	0.009389671361502348
2741317610	0.009302325581395349
1441575565	0.009216589861751152
1984966753	0.0091324200913242
1306407771	0.0091324200913242
3244542365	0.00909090909090909
1781291553	0.00909090909090909
3212519322	0.00904977375565611
3376443890	0.009009009009009009
3547822851	0.009009009009009009
2453365505	0.008968609865470852
2945505121	0.008968609865470852
1283293580	0.008968609865470852
2151047907	0.008968609865470852
2162462441	0.008968609865470852
1848175772	0.008968609865470852
3905591460	0.008968609865470852
1498921285	0.008968609865470852
1905445820	0.008968609865470852
3898766768	0.008968609865470852
1364912135	0.008928571428571428
1586476443	0.008928571428571428
1948919484	0.008928571428571428
1791502704	0.008928571428571428
2551052810	0.008928571428571428
1044113480	0.008928571428571428
2256899463	0.008928571428571428
1055809117	0.008928571428571428
2964542415	0.008928571428571428
1624106334	0.008928571428571428
3843418463	0.008928571428571428
1763714602	0.008928571428571428
3873655727	0.008928571428571428
2636088981	0.008928571428571428
1926657970	0.008928571428571428
1591943150	0.008888888888888889
1886657133	0.008888888888888889
2941781531	0.008888888888888889
1932592655	0.008888888888888889
1983002117	0.008888888888888889
1065552211	0.008888888888888889
2100750021	0.008888888888888889
2776724230	0.008888888888888889
2493978173	0.008888888888888889
1658796627	0.008888888888888889
3228382783	0.008888888888888889
1799267355	0.008888888888888889
1248802091	0.008888888888888889
1401226474	0.008888888888888889
1930117257	0.008547008547008548
3708858365	0.007633587786259542
1808260702	0.007633587786259542
2258919084	0.007575757575757576
3867811215	0.007575757575757576
3977753216	0.007518796992481203
3969235557	0.007518796992481203
3454399394	0.007518796992481203
1769205877	0.007518796992481203
1815250020	0.007462686567164179
2931141213	0.007462686567164179
3866772061	0.007462686567164179
3977547102	0.007462686567164179
3887107249	0.007462686567164179
2209877140	0.007407407407407408
3760101465	0.007407407407407408
1898662737	0.007407407407407408
3984789333	0.007407407407407408
2973451084	0.007407407407407408
3977748979	0.007407407407407408
3977747457	0.007407407407407408
3975143696	0.007407407407407408
3974238786	0.007407407407407408
3971850761	0.007407407407407408
3215719795	0.007407407407407408
3684048582	0.007407407407407408
3957558489	0.007407407407407408
3952340924	0.007407407407407408
3381329830	0.007407407407407408
2118138713	0.007407407407407408
3518801661	0.007407407407407408
2709085850	0.007407407407407408
1408033035	0.006134969325153374
1118790874	0.006097560975609756
3361035650	0.0056179775280898875
3830797873	0.0056179775280898875
2510108615	0.00558659217877095
2701687372	0.00558659217877095
3984706813	0.00558659217877095
3898267309	0.00558659217877095
3983592194	0.00558659217877095
3031561470	0.00558659217877095
2727164630	0.00558659217877095
1627011462	0.00558659217877095
3986242222	0.00558659217877095
3970620927	0.005555555555555556
1985241175	0.005555555555555556
5016749776	0.005555555555555556
3908662952	0.005555555555555556
3911192109	0.005555555555555556
2603080784	0.005555555555555556
3982120276	0.005555555555555556
3978277064	0.005555555555555556
3908656740	0.005555555555555556
3977684203	0.005555555555555556
2819433057	0.005555555555555556
3977267288	0.005555555555555556
2580127900	0.005555555555555556
3881641009	0.005555555555555556
3974741856	0.005555555555555556
3974239165	0.005555555555555556
2292518113	0.005555555555555556
2285788594	0.005555555555555556
2152298440	0.005555555555555556
2615898604	0.005555555555555556
3970571056	0.005555555555555556
3969843627	0.005555555555555556
3963412438	0.005555555555555556
2829976062	0.005555555555555556
2207809520	0.005555555555555556
3239312123	0.005555555555555556
3808941699	0.0055248618784530384
2097883371	0.005235602094240838
3315093311	0.0051813471502590676
1707844295	0.005154639175257732
1420065792	0.005128205128205128
2986646325	0.005128205128205128
1880122821	0.00510204081632653
2635414550	0.004830917874396135
2756736071	0.004807692307692308
3927556962	0.004807692307692308
2995893364	0.004784688995215311
2374817890	0.004784688995215311
2919766732	0.004761904761904762
2517577570	0.004761904761904762
1948841037	0.004739336492890996
1708129364	0.004739336492890996
1582940577	0.004739336492890996
1182535451	0.004694835680751174
1228656723	0.004694835680751174
2034627933	0.004672897196261682
1729182383	0.004672897196261682
3503924641	0.004672897196261682
2625864522	0.004651162790697674
3211227934	0.004651162790697674
2705387531	0.004629629629629629
2341419291	0.004629629629629629
2290374464	0.004629629629629629
1867016180	0.004629629629629629
2114466442	0.004608294930875576
2916397537	0.004608294930875576
1626733744	0.0045871559633027525
2538749654	0.0045871559633027525
1885996140	0.0045871559633027525
1874078087	0.0045871559633027525
1710175707	0.0045871559633027525
2384383372	0.0045871559633027525
2165747882	0.0045871559633027525
3956019306	0.0045662100456621
2472763247	0.0045662100456621
1656379884	0.0045662100456621
2650487797	0.0045662100456621
1749961545	0.0045662100456621
1687783573	0.0045662100456621
3075287710	0.004545454545454545
1851855434	0.004545454545454545
1845352220	0.004545454545454545
3261746632	0.004545454545454545
1319061363	0.004545454545454545
1403968005	0.004545454545454545
3944918417	0.004545454545454545
1765410641	0.004545454545454545
3552012911	0.004545454545454545
1400234693	0.004545454545454545
3799522537	0.004524886877828055
2077354623	0.004524886877828055
3855241769	0.004524886877828055
1819438907	0.004524886877828055
1861681510	0.004524886877828055
1457155247	0.004524886877828055
3822483140	0.004524886877828055
1350123887	0.004524886877828055
1023532764	0.004524886877828055
2617492245	0.004524886877828055
1349435482	0.004524886877828055
2611853053	0.004524886877828055
1884357492	0.004524886877828055
2616744840	0.004524886877828055
1301970685	0.0045045045045045045
3101574155	0.0045045045045045045
3548083954	0.0045045045045045045
2689935920	0.0045045045045045045
3066294753	0.0045045045045045045
2252740562	0.0045045045045045045
1601027877	0.0045045045045045045
1746856892	0.0045045045045045045
1570321427	0.0045045045045045045
1925287470	0.0045045045045045045
2138336727	0.0045045045045045045
3962662639	0.0045045045045045045
1787677017	0.0045045045045045045
1879735514	0.0045045045045045045
1410005132	0.0045045045045045045
1453843852	0.0045045045045045045
1777306903	0.0045045045045045045
1416898742	0.0045045045045045045
1302072875	0.0045045045045045045
2339389603	0.0045045045045045045
5028915165	0.0045045045045045045
2184568504	0.0045045045045045045
1252008360	0.0045045045045045045
2657057787	0.0045045045045045045
3584266727	0.0045045045045045045
2095301241	0.0045045045045045045
1778542151	0.0045045045045045045
1809108150	0.0045045045045045045
1951784471	0.0045045045045045045
3237912434	0.0045045045045045045
1740364724	0.0045045045045045045
2668204753	0.0045045045045045045
2667821133	0.0045045045045045045
1880645122	0.004484304932735426
2941218224	0.004484304932735426
2940051323	0.004484304932735426
2523176985	0.004484304932735426
2998969465	0.004484304932735426
2931220302	0.004484304932735426
2459187302	0.004484304932735426
3121610343	0.004484304932735426
2420126877	0.004484304932735426
3177823670	0.004484304932735426
2285106657	0.004484304932735426
2238304704	0.004484304932735426
2219775982	0.004484304932735426
2678952793	0.004484304932735426
2060729143	0.004484304932735426
2039329810	0.004484304932735426
2033165313	0.004484304932735426
1977065077	0.004484304932735426
2693909354	0.004484304932735426
2694592703	0.004484304932735426
2890840305	0.004484304932735426
1945535110	0.004484304932735426
1900708503	0.004484304932735426
2949004135	0.004484304932735426
1824986500	0.004484304932735426
1788547865	0.004484304932735426
3893999979	0.004484304932735426
1769947410	0.004484304932735426
1764676941	0.004484304932735426
1760583034	0.004484304932735426
1743889201	0.004484304932735426
3925448096	0.004484304932735426
3928228667	0.004484304932735426
1708361375	0.004484304932735426
1635256075	0.004484304932735426
1322022491	0.004484304932735426
1225032703	0.004484304932735426
1155953651	0.004484304932735426
1148316701	0.004484304932735426
1010910947	0.004484304932735426
1001773997	0.004484304932735426
78964489	0.004484304932735426
2803663901	0.004484304932735426
2789910252	0.004484304932735426
2789910260	0.004484304932735426
2789910264	0.004484304932735426
1639630190	0.004464285714285714
1320613583	0.004464285714285714
1644520575	0.004464285714285714
1651572004	0.004464285714285714
1055231053	0.004464285714285714
1222151463	0.004464285714285714
1769493391	0.004464285714285714
3717737005	0.004464285714285714
2281868477	0.004464285714285714
1888848457	0.004464285714285714
1419086502	0.004464285714285714
3901831453	0.004464285714285714
1575359677	0.004464285714285714
1904571792	0.004464285714285714
1324635921	0.004464285714285714
3898058675	0.004464285714285714
3896389306	0.004464285714285714
2301036671	0.004464285714285714
3195799872	0.004464285714285714
2328521041	0.004464285714285714
1583765101	0.004464285714285714
1150885695	0.004464285714285714
3188953382	0.004464285714285714
3181474132	0.004464285714285714
1777411900	0.004464285714285714
3958570480	0.004464285714285714
1777847211	0.004464285714285714
1662823782	0.004464285714285714
1663799850	0.004464285714285714
1019038135	0.004464285714285714
2386060557	0.004464285714285714
1437555151	0.004464285714285714
3672414715	0.004464285714285714
1778631520	0.004464285714285714
3160137420	0.004464285714285714
1586636647	0.004464285714285714
3655954584	0.004464285714285714
3951441599	0.004464285714285714
1676660833	0.004464285714285714
1683469791	0.004464285714285714
1783862162	0.004464285714285714
3553245194	0.004464285714285714
1588135561	0.004464285714285714
3947412040	0.004464285714285714
1960010587	0.004464285714285714
1962971907	0.004464285714285714
1966120605	0.004464285714285714
2483581013	0.004464285714285714
1588135982	0.004464285714285714
1787743990	0.004464285714285714
2991586275	0.004464285714285714
2486684124	0.004464285714285714
1700405722	0.004464285714285714
3862962286	0.004464285714285714
2502357564	0.004464285714285714
1588177800	0.004464285714285714
3932264150	0.004464285714285714
1985327247	0.004464285714285714
2349328537	0.004464285714285714
2003804693	0.004464285714285714
1183826871	0.004464285714285714
3862628882	0.004464285714285714
2015052645	0.004464285714285714
2027356525	0.004464285714285714
3988831501	0.004464285714285714
2033863261	0.004464285714285714
1804973881	0.004464285714285714
1233951037	0.004464285714285714
1356059524	0.004464285714285714
2590137531	0.004464285714285714
43989061	0.004464285714285714
2596931437	0.004464285714285714
1719958394	0.004464285714285714
1200765931	0.004464285714285714
3843111879	0.004464285714285714
1722803305	0.004464285714285714
2089432151	0.004464285714285714
2093276785	0.004464285714285714
2093567591	0.004464285714285714
1816311640	0.004464285714285714
3977184758	0.004464285714285714
1391423727	0.004464285714285714
3924815456	0.004464285714285714
1726779003	0.004464285714285714
2645747721	0.004464285714285714
1821070750	0.004464285714285714
1821849715	0.004464285714285714
2653548890	0.004464285714285714
3393863544	0.004464285714285714
2920217874	0.004464285714285714
2920190940	0.004464285714285714
1823348721	0.004464285714285714
1824595672	0.004464285714285714
2126095295	0.004464285714285714
1824822385	0.004464285714285714
1726861170	0.004464285714285714
1211294792	0.004464285714285714
2684563860	0.004464285714285714
2686368645	0.004464285714285714
1456602622	0.004464285714285714
3982118085	0.004464285714285714
1832430487	0.004464285714285714
1608794253	0.004464285714285714
1836879707	0.004464285714285714
1400275773	0.004464285714285714
2156767894	0.004464285714285714
1845560711	0.004464285714285714
2849225210	0.004464285714285714
3803780001	0.004464285714285714
1846611074	0.004464285714285714
2168690892	0.004464285714285714
3299990485	0.004464285714285714
2177632721	0.004464285714285714
2177961677	0.004464285714285714
1244012665	0.004464285714285714
1617217805	0.004464285714285714
1164816974	0.004464285714285714
2749249682	0.004464285714285714
2195968024	0.004464285714285714
1000643454	0.004464285714285714
2197877102	0.004464285714285714
3788382962	0.004464285714285714
1404949082	0.004464285714285714
2773204235	0.004464285714285714
1860706093	0.004464285714285714
1405752124	0.004464285714285714
2806404260	0.004464285714285714
1246334241	0.004464285714285714
2805402644	0.004464285714285714
2789839352	0.004464285714285714
2804794372	0.004464285714285714
1627643541	0.004464285714285714
1758520747	0.004464285714285714
2791178364	0.004464285714285714
2789910272	0.004464285714285714
3984678157	0.004464285714285714
1636106397	0.004464285714285714
3228129883	0.004464285714285714
3775056712	0.0044444444444444444
2789910240	0.0044444444444444444
2789880862	0.0044444444444444444
2793421423	0.0044444444444444444
2800857080	0.0044444444444444444
2789880854	0.0044444444444444444
2789867342	0.0044444444444444444
2789867334	0.0044444444444444444
2789839344	0.0044444444444444444
2805435064	0.0044444444444444444
2805635080	0.0044444444444444444
2789839340	0.0044444444444444444
2789839332	0.0044444444444444444
2789839324	0.0044444444444444444
2761140374	0.0044444444444444444
2808278932	0.0044444444444444444
2757745383	0.0044444444444444444
2808694204	0.0044444444444444444
2809382364	0.0044444444444444444
2810384220	0.0044444444444444444
2754647755	0.0044444444444444444
2721669285	0.0044444444444444444
2839098724	0.0044444444444444444
2708508950	0.0044444444444444444
2880732710	0.0044444444444444444
2697833873	0.0044444444444444444
2687063651	0.0044444444444444444
2919357850	0.0044444444444444444
2919421210	0.0044444444444444444
2919535640	0.0044444444444444444
2919645170	0.0044444444444444444
2919741914	0.0044444444444444444
2681064371	0.0044444444444444444
2919782652	0.0044444444444444444
2920077820	0.0044444444444444444
2920190920	0.0044444444444444444
2660515443	0.0044444444444444444
2920190944	0.0044444444444444444
2660081725	0.0044444444444444444
2920217882	0.0044444444444444444
2920220384	0.0044444444444444444
2920512260	0.0044444444444444444
2920540820	0.0044444444444444444
2920571352	0.0044444444444444444
2651031511	0.0044444444444444444
2637693015	0.0044444444444444444
2632607793	0.0044444444444444444
2940518183	0.0044444444444444444
2598038911	0.0044444444444444444
2580672631	0.0044444444444444444
2574575562	0.0044444444444444444
2558521374	0.0044444444444444444
2953606641	0.0044444444444444444
2959282190	0.0044444444444444444
2963091545	0.0044444444444444444
2557703177	0.0044444444444444444
2967283950	0.0044444444444444444
2530417354	0.0044444444444444444
2487875665	0.0044444444444444444
2486501244	0.0044444444444444444
2485178921	0.0044444444444444444
2484210977	0.0044444444444444444
2480637944	0.0044444444444444444
3043692164	0.0044444444444444444
3043885172	0.0044444444444444444
3044012154	0.0044444444444444444
3044135374	0.0044444444444444444
3044939064	0.0044444444444444444
3044975544	0.0044444444444444444
3045033724	0.0044444444444444444
3045100410	0.0044444444444444444
3045425254	0.0044444444444444444
3063741713	0.0044444444444444444
2459754555	0.0044444444444444444
2456288732	0.0044444444444444444
3079522937	0.0044444444444444444
3085703887	0.0044444444444444444
3092805623	0.0044444444444444444
2455451381	0.0044444444444444444
2439589765	0.0044444444444444444
3114115383	0.0044444444444444444
2432584853	0.0044444444444444444
2431794637	0.0044444444444444444
3152386770	0.0044444444444444444
2430531431	0.0044444444444444444
2374009182	0.0044444444444444444
2373344580	0.0044444444444444444
2352494340	0.0044444444444444444
3186880882	0.0044444444444444444
35428458	0.0044444444444444444
2309728963	0.0044444444444444444
3195841060	0.0044444444444444444
2299610653	0.0044444444444444444
2293087315	0.0044444444444444444
2279293962	0.0044444444444444444
2270027564	0.0044444444444444444
3215467377	0.0044444444444444444
2258199634	0.0044444444444444444
2247412481	0.0044444444444444444
3218155100	0.0044444444444444444
2245886094	0.0044444444444444444
3225204765	0.0044444444444444444
2244224315	0.0044444444444444444
2219237540	0.0044444444444444444
3228961957	0.0044444444444444444
2216289323	0.0044444444444444444
2212468681	0.0044444444444444444
2201600204	0.0044444444444444444
2197268857	0.0044444444444444444
2186427175	0.0044444444444444444
2182110944	0.0044444444444444444
3275276401	0.0044444444444444444
3288954812	0.0044444444444444444
2170387650	0.0044444444444444444
3304279051	0.0044444444444444444
2167322490	0.0044444444444444444
3307789045	0.0044444444444444444
2149201162	0.0044444444444444444
2138874725	0.0044444444444444444
3356282280	0.0044444444444444444
3357607452	0.0044444444444444444
2135427555	0.0044444444444444444
3372323142	0.0044444444444444444
2135359374	0.0044444444444444444
2119523591	0.0044444444444444444
2118853301	0.0044444444444444444
2116807623	0.0044444444444444444
3460406392	0.0044444444444444444
2115379393	0.0044444444444444444
3477436173	0.0044444444444444444
3479693304	0.0044444444444444444
2073619455	0.0044444444444444444
2060770475	0.0044444444444444444
2059321843	0.0044444444444444444
3504324174	0.0044444444444444444
3508634763	0.0044444444444444444
2040782243	0.0044444444444444444
3525341384	0.0044444444444444444
2000413565	0.0044444444444444444
1973640713	0.0044444444444444444
1971460754	0.0044444444444444444
1956071381	0.0044444444444444444
1949374425	0.0044444444444444444
1948511350	0.0044444444444444444
3584529810	0.0044444444444444444
3592237222	0.0044444444444444444
38957289	0.0044444444444444444
3605465685	0.0044444444444444444
1947201012	0.0044444444444444444
3652907764	0.0044444444444444444
3652988370	0.0044444444444444444
3655654810	0.0044444444444444444
3655954370	0.0044444444444444444
1946658413	0.0044444444444444444
1946621594	0.0044444444444444444
1939775984	0.0044444444444444444
1936287667	0.0044444444444444444
1031026200	0.0044444444444444444
1930137944	0.0044444444444444444
1917072782	0.0044444444444444444
1887831467	0.0044444444444444444
3750273344	0.0044444444444444444
1886545154	0.0044444444444444444
1882969144	0.0044444444444444444
3764541965	0.0044444444444444444
3770321487	0.0044444444444444444
2790057352	0.0044444444444444444
3775407005	0.0044444444444444444
1874827731	0.0044444444444444444
1859350104	0.0044444444444444444
1856869244	0.0044444444444444444
3794202327	0.0044444444444444444
1847874321	0.0044444444444444444
3803389474	0.0044444444444444444
1845833462	0.0044444444444444444
1833343694	0.0044444444444444444
3811173995	0.0044444444444444444
1826601092	0.0044444444444444444
3816257625	0.0044444444444444444
1826500534	0.0044444444444444444
1817860250	0.0044444444444444444
1817069945	0.0044444444444444444
1817055355	0.0044444444444444444
1813264653	0.0044444444444444444
1811327360	0.0044444444444444444
3845977157	0.0044444444444444444
3847296212	0.0044444444444444444
1807596037	0.0044444444444444444
1803871585	0.0044444444444444444
1803578017	0.0044444444444444444
1790327997	0.0044444444444444444
1786117125	0.0044444444444444444
1782529121	0.0044444444444444444
1782121280	0.0044444444444444444
1781099173	0.0044444444444444444
3877814595	0.0044444444444444444
3879821486	0.0044444444444444444
3880533403	0.0044444444444444444
3881296082	0.0044444444444444444
3881311005	0.0044444444444444444
3881318547	0.0044444444444444444
3881362571	0.0044444444444444444
3881364369	0.0044444444444444444
3881418135	0.0044444444444444444
1778283040	0.0044444444444444444
3881695434	0.0044444444444444444
1778114542	0.0044444444444444444
1778070832	0.0044444444444444444
3890048436	0.0044444444444444444
1777722630	0.0044444444444444444
1777183293	0.0044444444444444444
1039935411	0.0044444444444444444
3897916790	0.0044444444444444444
1776113402	0.0044444444444444444
1775291247	0.0044444444444444444
3898663593	0.0044444444444444444
1773348745	0.0044444444444444444
1771129641	0.0044444444444444444
3903704573	0.0044444444444444444
1759520925	0.0044444444444444444
1753260813	0.0044444444444444444
1751045977	0.0044444444444444444
1748239481	0.0044444444444444444
1744545180	0.0044444444444444444
1738162132	0.0044444444444444444
1731579864	0.0044444444444444444
1729320005	0.0044444444444444444
1728016665	0.0044444444444444444
1726460913	0.0044444444444444444
1725371280	0.0044444444444444444
1723722212	0.0044444444444444444
1722462213	0.0044444444444444444
1713684163	0.0044444444444444444
1712504960	0.0044444444444444444
1707479332	0.0044444444444444444
3934063763	0.0044444444444444444
3934156950	0.0044444444444444444
3934158542	0.0044444444444444444
1706998772	0.0044444444444444444
1694312253	0.0044444444444444444
3947682100	0.0044444444444444444
3948116310	0.0044444444444444444
3948238871	0.0044444444444444444
1675822584	0.0044444444444444444
1672987437	0.0044444444444444444
1667869652	0.0044444444444444444
1663858133	0.0044444444444444444
3958474413	0.0044444444444444444
1662184481	0.0044444444444444444
3958780580	0.0044444444444444444
1660423135	0.0044444444444444444
1656715123	0.0044444444444444444
3962661704	0.0044444444444444444
1652343624	0.0044444444444444444
1624279343	0.0044444444444444444
1603380955	0.0044444444444444444
1599439365	0.0044444444444444444
1595352487	0.0044444444444444444
3967623850	0.0044444444444444444
3968255683	0.0044444444444444444
3968425446	0.0044444444444444444
1589651565	0.0044444444444444444
1589630483	0.0044444444444444444
3970568575	0.0044444444444444444
1589546713	0.0044444444444444444
1588835990	0.0044444444444444444
1588609803	0.0044444444444444444
1588386913	0.0044444444444444444
1583946627	0.0044444444444444444
1571760343	0.0044444444444444444
1504709980	0.0044444444444444444
3974519461	0.0044444444444444444
1468104720	0.0044444444444444444
1464960014	0.0044444444444444444
1464895760	0.0044444444444444444
1457282344	0.0044444444444444444
1456983203	0.0044444444444444444
1456884135	0.0044444444444444444
1455039522	0.0044444444444444444
1451748643	0.0044444444444444444
1451049805	0.0044444444444444444
1450504162	0.0044444444444444444
1440402941	0.0044444444444444444
1440107124	0.0044444444444444444
1439576113	0.0044444444444444444
1437566504	0.0044444444444444444
1430693293	0.0044444444444444444
1409112787	0.0044444444444444444
1392398975	0.0044444444444444444
1365604933	0.0044444444444444444
1353670934	0.0044444444444444444
1344363100	0.0044444444444444444
1340554353	0.0044444444444444444
1322486934	0.0044444444444444444
1317649322	0.0044444444444444444
1316733251	0.0044444444444444444
1302261922	0.0044444444444444444
1301112370	0.0044444444444444444
1287152450	0.0044444444444444444
1280018577	0.0044444444444444444
3980725600	0.0044444444444444444
1260080497	0.0044444444444444444
1255806857	0.0044444444444444444
1250622024	0.0044444444444444444
1244885337	0.0044444444444444444
1241873661	0.0044444444444444444
1238205273	0.0044444444444444444
1236841512	0.0044444444444444444
1224930204	0.0044444444444444444
1221391872	0.0044444444444444444
1219247907	0.0044444444444444444
1217770191	0.0044444444444444444
1213000335	0.0044444444444444444
1186161307	0.0044444444444444444
1182997114	0.0044444444444444444
1182422647	0.0044444444444444444
1174499960	0.0044444444444444444
1164418634	0.0044444444444444444
1161769571	0.0044444444444444444
1150974891	0.0044444444444444444
1136173742	0.0044444444444444444
1131489457	0.0044444444444444444
1104684883	0.0044444444444444444
1098948877	0.0044444444444444444
1078455753	0.0044444444444444444
1062861742	0.0044444444444444444
1047286487	0.0044444444444444444
24876668	0.0044444444444444444
1058999061	0.004424778761061947
1776163711	0.004424778761061947
1931739911	0.004424778761061947
3603565241	0.004424778761061947