失独
2013835867,408
2807577540,302
2732096711,114
1246025491,94
1614274951,86
247180716,78
3481079677,53
1235313783,46
2526688941,41
2806620574,39
3680148261,36
3905382393,35
3872563974,27
1915268521,26
1644325804,18
3972288151,17
1913712512,16
1565281767,11
1421087044,11
2476713901,8
失独老人
2013835867,80
2807577540,54
2526688941,39
3872563974,26
2732096711,14
3680148261,10
247180716,10
1614274951,8
1235313783,7
1246025491,7
1504170392,5
2806620574,4
3106039137,4
1797162462,4
1583990677,4
5017961087,4
1658796627,2
2530417354,2
1283293580,2
1886657133,2
失独家庭
2013835867,188
2807577540,124
3481079677,53
3905382393,33
2732096711,31
1614274951,30
247180716,30
1915268521,21
1246025491,19
2806620574,18
1644325804,17
1913712512,16
3972288151,13
1235313783,11
3680148261,10
1565281767,9
2005884727,7
2121607552,6
2683564420,6
1223139011,4
养老机构
2299610653,78
2013835867,6
1614274951,2
2807577540,2
3680148261,2
1223139011,2
1778631520,1
3695912161,1
2806620574,1
2846075982,1
2199364290,1
2683564420,1
1948919484,1
1860706093,1
1655544941,1
独生子女
2807577540,24
2013835867,20
1246025491,14
2732096711,13
1614274951,12
2683564420,12
2611853053,10
3481079677,9
247180716,8
1235313783,8
2243176754,7
3655625717,6
1915268521,5
1901301963,5
3145076293,4
2121607552,4
1948919484,4
1088977892,3
3905382393,3
3680148261,3
丧子
2476713901,6
2245886094,3
3063741713,2
1421087044,2
3905382393,2
1861681510,1
3250350081,1
3274086951,1
3222633092,1
3274029395,1
2636088981,1
3547822851,1
2177961677,1
3956019306,1
特别扶助金
2807577540,2
2013835867,2
3977267288,1
2186427175,1
3764541965,1
3977747457,1
3893999979,1
3967623850,1
2483454094,1
3986242222,1
3977547102,1
2615898604,1
3881641009,1
3908662952,1
3964822820,1
3970568575,1
3845977157,1
3847296212,1
3903704573,1
3993399403,1
